Intervalo;;Freq_acum;Freq_abs_acum
50;55;3;3
55;60;1;4
60;65;1;5
65;70;8;13
70;75;23;36
75;80;19;55
80;85;10;65
85;90;7;72
90;95;4;76
95;100;3;79
100;105;1;80
;;80;
