10 10
3.162278 -0.316228 -0.316228 -0.316228 -0.316228 -0.316228 -0.316228 -0.316228 -0.316228 -0.316228 
-0.316228 2.983287 -0.368721 -0.368721 -0.368721 -0.368721 -0.368721 -0.368721 -0.368721 -0.368721 
-0.316228 -0.368721 2.960413 -0.417494 -0.417494 -0.417494 -0.417494 -0.417494 -0.417494 -0.417494 
-0.316228 -0.368721 -0.417494 2.930826 -0.481180 -0.481180 -0.481180 -0.481180 -0.481180 -0.481180 
-0.316228 -0.368721 -0.417494 -0.481180 2.891057 -0.567886 -0.567886 -0.567886 -0.567886 -0.567886 
-0.316228 -0.368721 -0.417494 -0.481180 -0.567886 2.834733 -0.692935 -0.692935 -0.692935 -0.692935 
-0.316228 -0.368721 -0.417494 -0.481180 -0.567886 -0.692935 2.748737 -0.889297 -0.889297 -0.889297 
-0.316228 -0.368721 -0.417494 -0.481180 -0.567886 -0.692935 -0.889297 2.600905 -1.243911 -1.243911 
-0.316228 -0.368721 -0.417494 -0.481180 -0.567886 -0.692935 -0.889297 -1.243911 2.284161 -2.093814 
-0.316228 -0.368721 -0.417494 -0.481180 -0.567886 -0.692935 -0.889297 -1.243911 -2.093814 1.354006 
